16.89815
17.01389
17.24537
17.88194
18.28704
18.80787
19.38657
19.56018
19.96528
20.13889
20.37037
20.65972
20.71759
20.94907
21.06482
21.06482
21.12268
21.12268
21.41204
21.2963
21.46991
21.52778
21.41204
21.52778
21.64352
21.58565
21.52778
21.70139
21.46991
21.64352
21.70139
21.52778
21.64352
21.64352
21.52778
21.46991
21.64352
21.52778
21.64352
21.70139
21.58565
21.58565
21.58565
21.58565
21.58565
21.75926
21.64352
21.75926
21.75926
21.64352
21.64352
21.75926
21.70139
21.64352
21.75926
21.58565
21.70139
21.70139
21.58565
21.64352
21.75926
21.64352
21.58565
21.75926
21.64352
21.70139
21.70139
21.64352
21.70139
21.75926
21.58565
21.58565
21.81713
21.64352
21.70139
21.75926
21.64352
21.64352
21.70139
21.70139
21.64352
21.75926
21.58565
21.70139
21.70139
21.75926
21.70139
21.75926
21.75926
21.58565
21.75926
21.70139
21.70139
21.75926
21.81713
21.75926
21.81713
21.75926
21.70139
21.75926
21.75926
21.875
21.81713
21.81713
21.75926
21.70139
21.81713
21.70139
21.70139
21.70139
21.875
21.70139
21.875
21.81713
21.70139
21.75926
21.93287
21.75926
21.75926
21.93287
21.75926
21.81713
21.93287
21.81713
21.81713
21.875
21.93287
21.875
21.81713
21.93287
21.93287
21.81713
21.99074
21.99074
21.875
21.93287
22.04861
21.93287
21.875
22.10648
21.875
21.93287
22.04861
22.04861
22.04861
21.93287
22.04861
22.04861
21.93287
21.99074
22.10648
21.93287
22.04861
22.10648
22.10648
22.10648
22.16435
22.10648
22.10648
22.04861
22.04861
22.22222
22.04861
22.10648
22.16435
22.16435
22.10648
22.22222
22.22222
22.04861
22.04861
22.04861
22.16435
22.04861
22.10648
22.16435
22.10648
22.10648
22.10648
22.22222
22.22222
22.10648
22.22222
22.28009
22.10648
